best pay as you go sim card,720,0.00,0,0,0.00,36
best pay as you go sims,390,0.00,0,0,0.00,-
cheap pay as you go sim,1900,0.00,0,0,0.00,28
best pay as you go sim,5400,0.00,0,0,0.00,91
pay as you go sim card only,170,0.00,0,0,0.00,12
sim card only pay as you go,170,0.00,0,0,0.00,12
pay as you go sim offers,5400,0.00,0,0,0.00,28
sim card deals pay as you go,720,0.00,0,0,0.00,5
cheap mobile sim card,390,0.00,0,0,0.00,73
mobile sim card uk,1000,0.00,0,0,0.00,140
sim card for uk,18100,0.70,1,6.1,4.29,2400
pay as you go sim uk,2400,0.00,0,0,0.00,170
uk mobile sim card,1000,0.00,0,0,0.00,140
buy uk sim card,880,0.00,0,0,0.00,170
cost of sim card,12100,0.00,0,0,0.00,4400
sim card in uk,18100,0.00,0,0,0.00,2400
pre pay sim,4400,0.00,0,0,0.00,1600
pre pay sim card,2400,0.00,0,0,0.00,1000
buy pay as you go sim card,390,0.00,0,0,0.00,58
pay as you go sim card,22200,0.15,1,5.33,0.81,2400
pay as go sim,74000,0.00,0,0,0.00,4400
sim card pay,27100,0.00,0,0,0.00,4400
dual sim dual,3350000,0.00,0,0,0.00,49500
